17
     0     0    80    84     0    94   103   113     0     0   114     0    80     0    99     0   118
     0     0     0   109   104    81     0    93     0     0     0     0   116     0     0    81    82
    80     0     0     0    98   117    83   101     0     0   100   100    82   107     0     0    96
    84   109     0     0    92   104     0    85   115    90     0   119     0   104     0   118    96
     0   104    98    92     0    95    98   115    88   103   116   113     0    91    84   106    82
    94    81   117   104    95     0    84   112   113    86   106   118    86    92    81    89    94
   103     0    83     0    98    84     0   120     0     0     0    84     0   118   113   119    98
   113    93   101    85   115   112   120     0   105   109    92    99    88     0    96   107    90
     0     0     0   115    88   113     0   105     0     0    90     0     0    99   104     0     0
     0     0     0    90   103    86     0   109     0     0     0     0     0     0     0     0     0
   114     0   100     0   116   106     0    92    90     0     0     0    88     0   116    99     0
     0     0   100   119   113   118    84    99     0     0     0     0     0    82     0   112   115
    80   116    82     0     0    86     0    88     0     0    88     0     0    87   112     0    86
     0     0   107   104    91    92   118     0    99     0     0    82    87     0     0   112    85
    99     0     0     0    84    81   113    96   104     0   116     0   112     0     0     0     0
     0    81     0   118   106    89   119   107     0     0    99   112     0   112     0     0    83
   118    82    96    96    82    94    98    90     0     0     0   115    86    85     0    83     0
