12
     0    97   113    92   109   115     0   101    93   117   100    86
    97     0   120   112     0   120     0     0   104   113    97   101
   113   120     0   118    84    85   105    99   108    93    83     0
    92   112   118     0   110    93    98     0   100    89   106   113
   109     0    84   110     0    91     0   118   100     0   103     0
   115   120    85    93    91     0   115    88   102    95    81    99
     0     0   105    98     0   115     0   105     0   113   118     0
   101     0    99     0   118    88   105     0   115   103    83   119
    93   104   108   100   100   102     0   115     0     0   114   107
   117   113    93    89     0    95   113   103     0     0    83    92
   100    97    83   106   103    81   118    83   114    83     0    86
    86   101     0   113     0    99     0   119   107    92    86     0
