10
     0   112     0     0    98    80     0     0    91   102
   112     0    90     0     0     0     0   119    96     0
     0    90     0     0   104   111    82     0     0   107
     0     0     0     0     0   114    96     0     0     0
    98     0   104     0     0   118    80    88     0     0
    80     0   111   114   118     0   105   106     0   105
     0     0    82    96    80   105     0   109    93    99
     0   119     0     0    88   106   109     0     0    83
    91    96     0     0     0     0    93     0     0    95
   102     0   107     0     0   105    99    83    95     0
