10
     0    87   111     0     0    85   107   118   109     0
    87     0     0    80   103    88    99   100     0   109
   111     0     0     0   119   120    81   106     0    91
     0    80     0     0    97   105     0   116     0    86
     0   103   119    97     0    81    95   105   101   108
    85    88   120   105    81     0    99   101    94   118
   107    99    81     0    95    99     0    98   101   100
   118   100   106   116   105   101    98     0   107    81
   109     0     0     0   101    94   101   107     0     0
     0   109    91    86   108   118   100    81     0     0
