15
     0    83     0     0   108   104     0     0     0    83     0     0   119     0   112
    83     0     0    91     0    82   104   107     0     0     0     0    84   108    90
     0     0     0     0    91   116     0     0     0    86     0     0     0     0   120
     0    91     0     0    99    98   112     0   116     0     0     0   107    80    85
   108     0    91    99     0   103    90   102    91     0    88    89   111     0     0
   104    82   116    98   103     0    85   110    91    95    84   107    90   115    84
     0   104     0   112    90    85     0   111     0     0     0   113     0     0     0
     0   107     0     0   102   110   111     0   100   109    87    97     0   106    85
     0     0     0   116    91    91     0   100     0    84   103     0    94     0     0
    83     0    86     0     0    95     0   109    84     0   119   112    80     0   106
     0     0     0     0    88    84     0    87   103   119     0   115   119     0   115
     0     0     0     0    89   107   113    97     0   112   115     0     0     0     0
   119    84     0   107   111    90     0     0    94    80   119     0     0    97     0
     0   108     0    80     0   115     0   106     0     0     0     0    97     0   120
   112    90   120    85     0    84     0    85     0   106   115     0     0   120     0
