22
     0   119     0    98    88   100     0    99    89    91    81     0     0    91   114     0   108     0    80     0   108     0
   119     0    92     0   110     0     0     0    99    89    87     0   106   107     0     0    91   107    97    83   102   100
     0    92     0   104   112    95    94    98    95   112   106     0   115    92   116    85    94    86     0   120    83    86
    98     0   104     0     0   109     0    96   118    89   107    86   116    95   100   104   113     0   103    85     0     0
    88   110   112     0     0    92    88   120   109   103    97    84    96    82    80   109   118    86    84    85     0     0
   100     0    95   109    92     0    87    87    93   116   105    93    86    93    99    83   109   119   107   101   103   113
     0     0    94     0    88    87     0     0   115   112   114   105     0    94    90   111   112    94   112   100     0     0
    99     0    98    96   120    87     0     0     0    94   118   104    99    84   114   115    81   100    87    87   114   108
    89    99    95   118   109    93   115     0     0    91   104   109   120    84    91   114   119    82   107   103    98   119
    91    89   112    89   103   116   112    94    91     0    94    90     0    93    85   112   107    84     0    96    87     0
    81    87   106   107    97   105   114   118   104    94     0    90    91    83    91   113    92   100   108    80   113    91
     0     0     0    86    84    93   105   104   109    90    90     0   109   113    95    81     0   108     0    95    84     0
     0   106   115   116    96    86     0    99   120     0    91   109     0     0    95   119   104     0     0    93    94   116
    91   107    92    95    82    93    94    84    84    93    83   113     0     0   106   101   108    94   105    85   104   117
   114     0   116   100    80    99    90   114    91    85    91    95    95   106     0    98   107    87    90   120   109   119
     0     0    85   104   109    83   111   115   114   112   113    81   119   101    98     0    81     0   104    89   110    98
   108    91    94   113   118   109   112    81   119   107    92     0   104   108   107    81     0   107     0   111     0     0
     0   107    86     0    86   119    94   100    82    84   100   108     0    94    87     0   107     0    85    81   117   102
    80    97     0   103    84   107   112    87   107     0   108     0     0   105    90   104     0    85     0    81   103   116
     0    83   120    85    85   101   100    87   103    96    80    95    93    85   120    89   111    81    81     0    95     0
   108   102    83     0     0   103     0   114    98    87   113    84    94   104   109   110     0   117   103    95     0     0
     0   100    86     0     0   113     0   108   119     0    91     0   116   117   119    98     0   102   116     0     0     0
