20
     0   109    81   103     0   100   102    81   118   115     0    87     0   102    99   112    80    85     0     0
   109     0    94   110   114   101   106    90   107   105    81    96    86   113   100    86    80    87   116   111
    81    94     0    90   100    90     0   114   102     0    88   110   109   112    88     0   100   112    94   116
   103   110    90     0   103    89     0    96    89   102    85   116   103     0   101    81    97    81    89    98
     0   114   100   103     0    90     0     0    86    90   102   107   101    97    88   109    86   119   102    94
   100   101    90    89    90     0     0   100    94   110    97   119   120   114    89   101   119    85    85   101
   102   106     0     0     0     0     0    88   102   104    98   120   114   104    92    97    90   113   114   100
    81    90   114    96     0   100    88     0   103     0   120   100    84    96    81     0   100    85    99    99
   118   107   102    89    86    94   102   103     0     0     0    86     0    94   108   107    92   115   112   113
   115   105     0   102    90   110   104     0     0     0    83    94    97   101    95    92    86   107   112    97
     0    81    88    85   102    97    98   120     0    83     0   101   105   119    83   107   101    90    82   104
    87    96   110   116   107   119   120   100    86    94   101     0   110    89    82    90    96    98    80    84
     0    86   109   103   101   120   114    84     0    97   105   110     0   110   115   119   105   120     0    92
   102   113   112     0    97   114   104    96    94   101   119    89   110     0    83   100   109    97   107    98
    99   100    88   101    88    89    92    81   108    95    83    82   115    83     0    88    85   119   114    85
   112    86     0    81   109   101    97     0   107    92   107    90   119   100    88     0    84   102   108     0
    80    80   100    97    86   119    90   100    92    86   101    96   105   109    85    84     0    96   106    92
    85    87   112    81   119    85   113    85   115   107    90    98   120    97   119   102    96     0    87   115
     0   116    94    89   102    85   114    99   112   112    82    80     0   107   114   108   106    87     0    96
     0   111   116    98    94   101   100    99   113    97   104    84    92    98    85     0    92   115    96     0
