20
     0    90    88   113    92   104   100    96    96    84   105    93   111    85    82   109    88    98   102   118
    90     0   106    95    98   115   112    92    83   115    99   100   101    83   110   111   116    84    94    97
    88   106     0   102   110   104    86    82    94    91    84    85   101   104   109    99    92    83   119    86
   113    95   102     0   117    92    91   113   112   111    93   115   103    85   112   107    99    90    88    90
    92    98   110   117     0   114    96    94    88   109    98    95    89    84    83   110    96    88   110   102
   104   115   104    92   114     0    84    82   113   118   114   106    92   108    88    98   101   115   117   111
   100   112    86    91    96    84     0    84    87   105   102   101   115    90    81    91   101    85    94    93
    96    92    82   113    94    82    84     0   103   102    82    84   108    84   119   105   120   106   118   109
    96    83    94   112    88   113    87   103     0   114    95    89   110    93    80   116   100   107    97    83
    84   115    91   111   109   118   105   102   114     0   103   109    86   114    90    93    87   103   116   111
   105    99    84    93    98   114   102    82    95   103     0   107    81    98   114    81    85   113   108    82
    93   100    85   115    95   106   101    84    89   109   107     0   102   101    97   113    93   112   113    88
   111   101   101   103    89    92   115   108   110    86    81   102     0    94   101   106    97    83    94   105
    85    83   104    85    84   108    90    84    93   114    98   101    94     0   117   106   118    85    90   113
    82   110   109   112    83    88    81   119    80    90   114    97   101   117     0   116   118   116    96   111
   109   111    99   107   110    98    91   105   116    93    81   113   106   106   116     0   117   101   105   104
    88   116    92    99    96   101   101   120   100    87    85    93    97   118   118   117     0   103    86    87
    98    84    83    90    88   115    85   106   107   103   113   112    83    85   116   101   103     0    81   120
   102    94   119    88   110   117    94   118    97   116   108   113    94    90    96   105    86    81     0   100
   118    97    86    90   102   111    93   109    83   111    82    88   105   113   111   104    87   120   100     0
