20
     0   115    82    94    85   107   100   107   120    83   120   119   101   111    92    94   106   106   118    88
   115     0   111    81   107   108     0     0   113     0    88    88    81    86     0     0    81   109   110   118
    82   111     0   114    85    82   100   105   110    99   109   111    99    89   101   114   105    88   101   102
    94    81   114     0    98     0    93     0   103    84     0    80    95     0    92    90    99    98     0    93
    85   107    85    98     0     0    89    89    91    82    94    95   102   120     0    84    82   110     0   117
   107   108    82     0     0     0   104   119    97    99   103   107   120    86    85     0    94     0   111    91
   100     0   100    93    89   104     0    96    86   104   106   107     0    83   119     0   116    95    91    80
   107     0   105     0    89   119    96     0   111   107   104   112   113     0   107   101   110    92    99    88
   120   113   110   103    91    97    86   111     0   113    83   116   114    91    80     0     0    87    82    91
    83     0    99    84    82    99   104   107   113     0   103    90     0   117     0     0     0    90   117    82
   120    88   109     0    94   103   106   104    83   103     0    90   114    97     0     0   102   114     0    87
   119    88   111    80    95   107   107   112   116    90    90     0    88    98    81    80    86   102   112   100
   101    81    99    95   102   120     0   113   114     0   114    88     0    83     0    80    92    88   116    85
   111    86    89     0   120    86    83     0    91   117    97    98    83     0   100   116    92   102    88   117
    92     0   101    92     0    85   119   107    80     0     0    81     0   100     0   112    85    86   110     0
    94     0   114    90    84     0     0   101     0     0     0    80    80   116   112     0    87    96   103   106
   106    81   105    99    82    94   116   110     0     0   102    86    92    92    85    87     0   118     0    99
   106   109    88    98   110     0    95    92    87    90   114   102    88   102    86    96   118     0   115    87
   118   110   101     0     0   111    91    99    82   117     0   112   116    88   110   103     0   115     0   119
    88   118   102    93   117    91    80    88    91    82    87   100    85   117     0   106    99    87   119     0
