25
     0    91   120     0   106    82   105     0    91     0     0    82    94    93    94    99   113     0     0    82    90    88   108    84   109
    91     0    92     0   104   104    96   106    95   115    93     0   108    96   105     0     0    97     0     0     0    85   117    97   111
   120    92     0    80    83    82    82    97    97    98     0     0     0   119    89   100    90    99     0     0    90    97     0    88   104
     0     0    80     0     0     0    80   112    81   106     0    89     0   117    80   117     0    94     0   108    93     0     0   100     0
   106   104    83     0     0   106   112    90     0     0   106   116     0    94     0     0     0     0   110    94   112    87     0     0     0
    82   104    82     0   106     0    92     0    80     0     0   110   103   102   120     0   120     0     0   110   103     0    81   103     0
   105    96    82    80   112    92     0   105   108   114   103     0   110   112   117    97    87     0     0    96    82   119     0     0     0
     0   106    97   112    90     0   105     0     0     0   109   110   116    82   101    90     0   116   109   104     0     0   119    98    88
    91    95    97    81     0    80   108     0     0   100     0    99    89    91    81    91     0   114   108    80     0   108    92   110     0
     0   115    98   106     0     0   114     0   100     0     0    99     0    89     0     0     0    87   106   107    91   107    97    83   102
     0    93     0     0   106     0   103   109     0     0     0   100   104   112    95     0    94    98     0    95     0   112   106     0     0
    82     0     0    89   116   110     0   110    99    99   100     0   115    92     0   116    85    94    86   120     0    83    86     0   109
    94   108     0     0     0   103   110   116    89     0   104   115     0     0    96   118    89   107    86   116     0     0    95   100     0
    93    96   119   117    94   102   112    82    91    89   112    92     0     0   104   113   103    85     0    92    88   120   109     0   103
    94   105    89    80     0   120   117   101    81     0    95     0    96   104     0    97    84    96    82    80   109     0   118    86    84
    99     0   100   117     0     0    97    90    91     0     0   116   118   113    97     0    85     0    87    87    93   116   105    93    86
   113     0    90     0     0   120    87     0     0     0    94    85    89   103    84    85     0    93     0    99     0     0    83     0     0
     0    97    99    94     0     0     0   116   114    87    98    94   107    85    96     0    93     0   109   119   107     0   101     0   103
     0     0     0     0   110     0     0   109   108   106     0    86    86     0    82    87     0   109     0   113   115     0   112   114     0
    82     0     0   108    94   110    96   104    80   107    95   120   116    92    80    87    99   119   113     0     0   105    94     0    90
    90     0    90    93   112   103    82     0     0    91     0     0     0    88   109    93     0   107   115     0     0     0   111     0     0
    88    85    97     0    87     0   119     0   108   107   112    83     0   120     0   116     0     0     0   105     0     0     0   112    94
   108   117     0     0     0    81     0   119    92    97   106    86    95   109   118   105    83   101   112    94   111     0     0     0     0
    84    97    88   100     0   103     0    98   110    83     0     0   100     0    86    93     0     0   114     0     0   112     0     0     0
   109   111   104     0     0     0     0    88     0   102     0   109     0   103    84    86     0   103     0    90     0    94     0     0     0
