21
     0     0   107   118   117    81    92   115   111     0   112    94   108    85    81    96    92    97    97    94     0
     0     0   104     0   117   119    81    83   117   104    94    97   102     0   117     0    94   106    99    82   103
   107   104     0     0    96    86   118    92   117   111   106   104   119   107    82    92    85    99   106   112    96
   118     0     0     0   106     0     0     0   113    99     0   103     0    98   114    81     0    81     0     0   112
   117   117    96   106     0     0    97   108    90   102    92   108   108    91     0   120     0   106    82     0   105
    81   119    86     0     0     0    91    82    94    93    94     0    99   113     0     0    82    90    88   108    84
    92    81   118     0    97    91     0   109     0    92   104     0     0   104    96   106    95   115     0     0    93
   115    83    92     0   108    82   109     0   108    96   105    97    85   117     0     0    97   111    80     0     0
   111   117   117   113    90    94     0   108     0    83     0    82    82     0     0     0    97    97    98   119     0
     0   104   111    99   102    93    92    96    83     0    89   100    90    99    90    97    88   104    80   112    81
   112    94   106     0    92    94   104   105     0    89     0   106     0     0     0     0    89   117    80     0   117
    94    97   104   103   108     0     0    97    82   100   106     0     0    94   108    93   100   106   112    90   106
   108   102   119     0   108    99     0    85    82    90     0     0     0     0     0     0   116    94     0   110    94
    85     0   107    98    91   113   104   117     0    99     0    94     0     0   112    87    92    80   110   103   102
    81   117    82   114     0     0    96     0     0    90     0   108     0   112     0     0     0     0     0     0   120
    96     0    92    81   120     0   106     0     0    97     0    93     0    87     0     0   120   110   103    81     0
    92    94    85     0     0    82    95    97    97    88    89   100   116    92     0   120     0   103   105     0   108
    97   106    99    81   106    90   115   111    97   104   117   106    94    80     0   110   103     0   114   103   110
    97    99   106     0    82    88     0    80    98    80    80   112     0   110     0   103   105   114     0   112   117
    94    82   112     0     0   108     0     0   119   112     0    90   110   103     0    81     0   103   112     0    97
     0   103    96   112   105    84    93     0     0    81   117   106    94   102   120     0   108   110   117    97     0
